InitialState -27  15  1.0
BBox         -30 -20 30 20
DistOneStep   1.0
Goal          20 -15 1.0
Obstacles 
23
-13.268000 -18.270000 1.000000
-6.944000 -8.610000 1.000000
-5.208000 -3.500000 1.000000
-0.434000 15.330000 1.000000
8.246000 -6.580000 1.000000
22.878001 -5.250000 1.000000
10.292000 8.960000 1.000000
-12.772000 -3.850000 1.000000
-13.020000 -9.240000 1.000000
-0.620000 7.350000 1.000000
24.738001 9.520000 1.000000
10.168000 14.560000 1.000000
-9.858000 12.530000 1.000000
13.888000 14.210000 1.000000
16.492000 4.970000 1.000000
9.052000 2.100000 1.000000
16.492000 1.820000 1.000000
-0.930000 -8.330000 1.000000
-12.586000 18.900000 1.000000
-2.418000 9.240000 1.000000
-12.648000 15.820000 1.000000
11.532000 -5.670000 1.000000
1.922000 -8.050000 1.000000
