InitialState -27  15  1.0
BBox         -30 -20 30 20
DistOneStep   1.0
Goal          20 -15 1.0
Obstacles 
20
-23.064001 -13.160000 1.000000
-11.842000 3.150000 1.000000
-8.804000 6.790000 1.000000
5.084000 12.670000 1.000000
0.558000 9.310000 1.000000
-3.534000 5.460000 1.000000
-7.006000 2.310000 1.000000
-10.540000 -1.540000 1.000000
-19.220001 -18.410000 1.000000
10.974000 16.030000 1.000000
15.624000 18.900000 1.000000
10.726000 9.450000 1.000000
15.314000 -2.030000 1.000000
7.378000 -10.150000 1.000000
-10.354000 16.380000 1.000000
-0.806000 -0.280000 1.000000
19.220001 7.840000 1.000000
22.816001 -2.030000 1.000000
-28.024001 10.640000 1.000000
-26.226001 18.410000 1.000000

