InitialState -27  15  0.5
BBox         -30 -20 30 20
DistOneStep   1.0
Goal          20 -15 1.0
Obstacles 
27
-23.064001 -13.160000 1.000000
-20.398001 -8.820000 1.000000
-17.670001 -4.620000 1.000000
-12.524000 1.960000 1.000000
-2.294000 17.010000 1.000000
-3.410000 1.750000 1.000000
-24.738001 3.780000 1.000000
-5.828000 5.390000 1.000000
10.974000 16.030000 1.000000
15.624000 18.900000 1.000000
24.490001 -9.170000 4.795158
16.988001 0.980000 4.270450
14.260000 -7.910000 1.000000
1.302000 -17.080000 2.973312
10.168000 -2.170000 1.000000
-14.322000 8.120000 4.389324
-28.148001 -3.290000 1.000000
-5.890000 14.140000 1.000000
-13.454000 -10.010000 3.553356
19.220001 7.840000 1.000000
22.816001 -2.030000 1.000000
14.818000 -17.290000 1.000000
-3.596000 -13.720000 1.000000
-22.506001 -3.150000 1.000000
-21.452001 8.190000 1.000000
-8.494000 -2.800000 1.000000
-7.688000 -11.620000 1.000000
